154 218
2 32 32
1 32

2 1 31 63
217
NAND 2 1 31 63 217

2 1 31 63
65
NAND 2 1 31 63 65

2 1 30 65
66
NAND 2 1 30 65 66

2 1 62 66
216
NAND 2 1 62 66 216

2 1 62 65
68
NAND 2 1 62 65 68

2 1 66 68

69
NAND 2 1 66 68 69

2 1 65 69
70
NAND 2 1 65 69 70

2 1 29 70

71
NAND 2 1 29 70 71

2 1 61 71
215
NAND 2 1 61 71 215

2 1 61 70
73
NAND 2 1 61 70 73

2 1 71 73

74
NAND 2 1 71 73 74

2 1 70 74
75
NAND 2 1 70 74 75

2 1 28 75
76

NAND 2 1 28 75 76

2 1 60 76
214
NAND 2 1 60 76 214

2 1 60 75
78

NAND 2 1 60 75 78

2 1 76 78
79
NAND 2 1 76 78 79

2 1 75 79
80
NAND 2 1 75 79 80

2 1 27 80
81

NAND 2 1 27 80 81

2 1 59 81
213
NAND 2 1 59 81 213

2 1 59 80
83
NAND 2 1 59 80 83

2 1 81 83
84
NAND 2 1 81 83 84

2 1 80 84

85
NAND 2 1 80 84 85